-0.252422 1.47024 -0.142465 0.2 1 1 1 0.2 0.4 0.4 0.05
-0.834582 1.68225 -0.118408 0.2 1 1 1 0.2 0.4 0.4 0.05
-1.85673 2.27173 1.42467 0.2 1 1 1 0.2 0.4 0.4 0.05
0.83882 1.64738 0.409192 0.2 1 1 1 0.2 0.4 0.4 0.05
0.347478 1.52688 -0.137273 0.2 1 1 1 0.2 0.4 0.4 0.05
2.52849 0.636485 1.01731 0.2 1 1 1 0.2 0.4 0.4 0.05
2.83292 0.557565 0.385092 0.2 1 1 1 0.2 0.4 0.4 0.05
-0.207337 0.605678 1.36432 0.2 1 1 1 0.2 0.4 0.4 0.05
2.41461 1.1357 0.448479 0.2 1 1 1 0.2 0.4 0.4 0.05
-1.67418 2.90183 -1.0969 0.2 1 1 1 0.2 0.4 0.4 0.05
3.03273 0.0201001 -0.145623 0.2 1 1 1 0.2 0.4 0.4 0.05
-0.272022 3.37794 -0.639994 0.2 1 1 1 0.2 0.4 0.4 0.05
-2.57284 1.8066 1.66909 0.2 1 1 1 0.2 0.4 0.4 0.05
-1.8807 1.28627 1.87413 0.2 1 1 1 0.2 0.4 0.4 0.05
1.35612 1.67446 0.40599 0.2 1 1 1 0.2 0.4 0.4 0.05
2.84919 0.554623 -0.0879047 0.2 1 1 1 0.2 0.4 0.4 0.05
2.77438 0.425644 -0.565618 0.2 1 1 1 0.2 0.4 0.4 0.05
-2.85836 1.80911 0.374751 0.2 1 1 1 0.2 0.4 0.4 0.05
-2.44391 0.642196 0.976728 0.2 1 1 1 0.2 0.4 0.4 0.05
-1.80987 2.76181 0.40863 0.2 1 1 1 0.2 0.4 0.4 0.05
-2.34426 2.6199 0.929783 0.2 1 1 1 0.2 0.4 0.4 0.05
1.35634 1.30583 1.13297 0.2 1 1 1 0.2 0.4 0.4 0.05
-1.13551 2.27921 0.43433 0.2 1 1 1 0.2 0.4 0.4 0.05
-2.27542 1.74049 1.85648 0.2 1 1 1 0.2 0.4 0.4 0.05
0.842887 1.54077 0.822956 0.2 1 1 1 0.2 0.4 0.4 0.05
-0.974595 1.59992 0.801453 0.2 1 1 1 0.2 0.4 0.4 0.05
-2.46792 0.0211817 -0.605813 0.2 1 1 1 0.2 0.4 0.4 0.05
1.85305 1.53039 0.43671 0.2 1 1 1 0.2 0.4 0.4 0.05
-2.82531 1.21068 -0.0762226 0.2 1 1 1 0.2 0.4 0.4 0.05
-0.173762 3.75155 -0.706193 0.2 1 1 1 0.2 0.4 0.4 0.05
-2.35378 2.22552 1.48222 0.2 1 1 1 0.2 0.4 0.4 0.05
0.307196 0.692516 1.43077 0.2 1 1 1 0.2 0.4 0.4 0.05
0.223041 3.87339 -1.15821 0.2 1 1 1 0.2 0.4 0.4 0.05
-0.53288 3.27375 -0.929409 0.2 1 1 1 0.2 0.4 0.4 0.05
1.35037 1.54622 0.841994 0.2 1 1 1 0.2 0.4 0.4 0.05
-0.785344 1.63076 0.393356 0.2 1 1 1 0.2 0.4 0.4 0.05
1.91492 1.19152 1.037 0.2 1 1 1 0.2 0.4 0.4 0.05
-0.805723 3.23256 -0.264911 0.2 1 1 1 0.2 0.4 0.4 0.05
-2.7874 1.73404 -0.0599108 0.2 1 1 1 0.2 0.4 0.4 0.05
-1.38299 2.27869 0.998535 0.2 1 1 1 0.2 0.4 0.4 0.05
3.01356 0.0488727 0.398073 0.2 1 1 1 0.2 0.4 0.4 0.05
2.88255 -0.00650928 0.870464 0.2 1 1 1 0.2 0.4 0.4 0.05
-1.34159 2.69302 0.365016 0.2 1 1 1 0.2 0.4 0.4 0.05
0.206557 2.91835 -0.67569 0.2 1 1 1 0.2 0.4 0.4 0.05
-2.05956 -1.15573 0.420874 0.2 1 1 1 0.2 0.4 0.4 0.05
-1.81761 2.72292 -0.113692 0.2 1 1 1 0.2 0.4 0.4 0.05
-2.81661 1.13739 1.41801 0.2 1 1 1 0.2 0.4 0.4 0.05
2.28027 1.10944 0.873017 0.2 1 1 1 0.2 0.4 0.4 0.05
2.91167 -0.029614 -0.606203 0.2 1 1 1 0.2 0.4 0.4 0.05
-1.93937 3.15762 -1.20749 0.2 1 1 1 0.2 0.4 0.4 0.05
0.830859 1.31556 1.13989 0.2 1 1 1 0.2 0.4 0.4 0.05
2.39709 0.0413442 1.45838 0.2 1 1 1 0.2 0.4 0.4 0.05
0.340728 3.02016 -0.994742 0.2 1 1 1 0.2 0.4 0.4 0.05
-2.20706 3.41671 -2.14362 0.2 1 1 1 0.2 0.4 0.4 0.05
-2.59755 0.56518 -0.218355 0.2 1 1 1 0.2 0.4 0.4 0.05
2.70121 0.783983 0.531379 0.2 1 1 1 0.2 0.4 0.4 0.05
0.813033 -2.14586 1.66567 0.2 1 1 1 0.2 0.4 0.4 0.05
1.37529 -2.10376 1.66078 0.2 1 1 1 0.2 0.4 0.4 0.05
-1.32125 2.82459 -0.0811983 0.2 1 1 1 0.2 0.4 0.4 0.05
-2.84512 1.14626 0.926019 0.2 1 1 1 0.2 0.4 0.4 0.05
-1.47641 1.55885 1.36384 0.2 1 1 1 0.2 0.4 0.4 0.05
0.335536 1.52653 0.410836 0.2 1 1 1 0.2 0.4 0.4 0.05
-1.78456 2.66126 0.970411 0.2 1 1 1 0.2 0.4 0.4 0.05
-0.7898 3.33653 -0.603304 0.2 1 1 1 0.2 0.4 0.4 0.05
-1.37971 -2.12357 1.48927 0.2 1 1 1 0.2 0.4 0.4 0.05
-2.20615 2.80794 -1.09599 0.2 1 1 1 0.2 0.4 0.4 0.05
-0.78132 2.75727 -0.0988081 0.2 1 1 1 0.2 0.4 0.4 0.05
-0.749562 -2.17022 1.48226 0.2 1 1 1 0.2 0.4 0.4 0.05
-0.00138551 -0.15842 1.81468 0.2 1 1 1 0.2 0.4 0.4 0.05
0.484981 1.46877 0.787477 0.2 1 1 1 0.2 0.4 0.4 0.05
-2.72021 -0.106197 -0.0638482 0.2 1 1 1 0.2 0.4 0.4 0.05
-1.88135 2.83182 -0.662753 0.2 1 1 1 0.2 0.4 0.4 0.05
-1.84232 2.18731 -0.69304 0.2 1 1 1 0.2 0.4 0.4 0.05
1.91423 0.604424 1.43856 0.2 1 1 1 0.2 0.4 0.4 0.05
-0.480224 3.41385 -0.341667 0.2 1 1 1 0.2 0.4 0.4 0.05
-1.77599 1.07625 -0.792381 0.2 1 1 1 0.2 0.4 0.4 0.05
-1.855 3.37807 -2.25598 0.2 1 1 1 0.2 0.4 0.4 0.05
-2.8356 2.3246 0.458474 0.2 1 1 1 0.2 0.4 0.4 0.05
1.39208 1.01754 1.31387 0.2 1 1 1 0.2 0.4 0.4 0.05
2.44036 0.0323014 -1.13532 0.2 1 1 1 0.2 0.4 0.4 0.05
1.345 0.586987 1.51908 0.2 1 1 1 0.2 0.4 0.4 0.05
-1.95845 1.65742 1.80893 0.2 1 1 1 0.2 0.4 0.4 0.05
1.35699 1.66728 -0.114514 0.2 1 1 1 0.2 0.4 0.4 0.05
1.89554 -2.1636 1.47261 0.2 1 1 1 0.2 0.4 0.4 0.05
1.7383 -0.0583434 1.83991 0.2 1 1 1 0.2 0.4 0.4 0.05
0.839642 0.998847 1.37422 0.2 1 1 1 0.2 0.4 0.4 0.05
-2.41184 1.10974 -0.520793 0.2 1 1 1 0.2 0.4 0.4 0.05
-2.30679 2.24776 -0.5336 0.2 1 1 1 0.2 0.4 0.4 0.05
1.35028 0.601525 -1.2694 0.2 1 1 1 0.2 0.4 0.4 0.05
0.264448 1.19113 1.05418 0.2 1 1 1 0.2 0.4 0.4 0.05
0.841849 1.63946 -0.107635 0.2 1 1 1 0.2 0.4 0.4 0.05
-2.76668 2.1816 0.890929 0.2 1 1 1 0.2 0.4 0.4 0.05
0.768554 1.3391 -0.789958 0.2 1 1 1 0.2 0.4 0.4 0.05
-1.89675 3.74688 -2.71353 0.2 1 1 1 0.2 0.4 0.4 0.05
-0.194184 1.38146 0.541936 0.2 1 1 1 0.2 0.4 0.4 0.05
-2.57176 2.45167 1.05262 0.2 1 1 1 0.2 0.4 0.4 0.05
-2.74591 -0.0584732 0.409365 0.2 1 1 1 0.2 0.4 0.4 0.05
-0.22499 1.30064 -0.64034 0.2 1 1 1 0.2 0.4 0.4 0.05
-0.230702 1.11048 0.959464 0.2 1 1 1 0.2 0.4 0.4 0.05
-2.27901 1.22574 1.85869 0.2 1 1 1 0.2 0.4 0.4 0.05
2.53801 0.699828 -0.686809 0.2 1 1 1 0.2 0.4 0.4 0.05
-1.8312 0.0245998 -1.09564 0.2 1 1 1 0.2 0.4 0.4 0.05
-2.17539 -0.0493871 -0.957878 0.2 1 1 1 0.2 0.4 0.4 0.05
-2.4677 0.120653 0.979843 0.2 1 1 1 0.2 0.4 0.4 0.05
-2.60945 1.92883 -0.282131 0.2 1 1 1 0.2 0.4 0.4 0.05
-0.168397 -2.18709 1.85856 0.2 1 1 1 0.2 0.4 0.4 0.05
0.331253 -2.16065 1.87097 0.2 1 1 1 0.2 0.4 0.4 0.05
-1.74415 3.40442 -2.81607 0.2 1 1 1 0.2 0.4 0.4 0.05
-0.193146 3.4 -1.0818 0.2 1 1 1 0.2 0.4 0.4 0.05
-1.33531 1.84706 1.06456 0.2 1 1 1 0.2 0.4 0.4 0.05
-1.78369 1.76087 1.56897 0.2 1 1 1 0.2 0.4 0.4 0.05
-0.742034 2.73092 -0.689492 0.2 1 1 1 0.2 0.4 0.4 0.05
-1.26094 -0.902703 1.35263 0.2 1 1 1 0.2 0.4 0.4 0.05
-0.689161 -0.070588 -1.34257 0.2 1 1 1 0.2 0.4 0.4 0.05
0.350463 -0.00633621 1.95478 0.2 1 1 1 0.2 0.4 0.4 0.05
0.839686 0.0738812 1.9826 0.2 1 1 1 0.2 0.4 0.4 0.05
2.93178 -1.0846 0.914596 0.2 1 1 1 0.2 0.4 0.4 0.05
2.33478 1.06375 -0.534768 0.2 1 1 1 0.2 0.4 0.4 0.05
-0.337182 -2.04435 1.58675 0.2 1 1 1 0.2 0.4 0.4 0.05
-1.23537 1.13544 1.16524 0.2 1 1 1 0.2 0.4 0.4 0.05
2.92746 -0.552455 -0.615981 0.2 1 1 1 0.2 0.4 0.4 0.05
2.38467 -2.15356 0.954316 0.2 1 1 1 0.2 0.4 0.4 0.05
-0.267219 0.156175 -1.38981 0.2 1 1 1 0.2 0.4 0.4 0.05
2.75041 0.553714 0.789771 0.2 1 1 1 0.2 0.4 0.4 0.05
-0.134605 -0.0792414 -1.62367 0.2 1 1 1 0.2 0.4 0.4 0.05
0.349122 -2.09973 1.50692 0.2 1 1 1 0.2 0.4 0.4 0.05
1.2615 -1.92835 1.80694 0.2 1 1 1 0.2 0.4 0.4 0.05
2.97051 -2.01168 0.838662 0.2 1 1 1 0.2 0.4 0.4 0.05
0.0889564 3.84713 -0.853691 0.2 1 1 1 0.2 0.4 0.4 0.05
0.855046 -1.54981 1.96608 0.2 1 1 1 0.2 0.4 0.4 0.05
1.32752 -1.58546 1.94038 0.2 1 1 1 0.2 0.4 0.4 0.05
-2.72298 0.581232 0.383189 0.2 1 1 1 0.2 0.4 0.4 0.05
-1.35206 -1.96024 0.957907 0.2 1 1 1 0.2 0.4 0.4 0.05
-0.183281 -1.64435 1.3609 0.2 1 1 1 0.2 0.4 0.4 0.05
0.839989 0.58729 1.54141 0.2 1 1 1 0.2 0.4 0.4 0.05
0.172029 -1.62795 1.56624 0.2 1 1 1 0.2 0.4 0.4 0.05
0.399745 -1.50948 1.83723 0.2 1 1 1 0.2 0.4 0.4 0.05
-1.36041 2.3394 -0.479603 0.2 1 1 1 0.2 0.4 0.4 0.05
-2.93174 1.15712 0.413346 0.2 1 1 1 0.2 0.4 0.4 0.05
-1.57813 2.85968 -1.63311 0.2 1 1 1 0.2 0.4 0.4 0.05
-2.6046 0.628091 0.574906 0.2 1 1 1 0.2 0.4 0.4 0.05
2.55501 -1.65581 1.15274 0.2 1 1 1 0.2 0.4 0.4 0.05
2.94905 -1.5701 1.00022 0.2 1 1 1 0.2 0.4 0.4 0.05
-0.781883 1.07595 1.0065 0.2 1 1 1 0.2 0.4 0.4 0.05
-1.84786 2.7863 -2.20917 0.2 1 1 1 0.2 0.4 0.4 0.05
2.27698 0.468694 1.35272 0.2 1 1 1 0.2 0.4 0.4 0.05
-0.173286 3.73018 -0.995045 0.2 1 1 1 0.2 0.4 0.4 0.05
-2.20152 -0.0475699 1.2937 0.2 1 1 1 0.2 0.4 0.4 0.05
0.270852 0.271353 1.61068 0.2 1 1 1 0.2 0.4 0.4 0.05
-1.19863 -1.5396 0.906635 0.2 1 1 1 0.2 0.4 0.4 0.05
-0.77059 -1.58987 1.32581 0.2 1 1 1 0.2 0.4 0.4 0.05
-2.50595 1.00897 1.66087 0.2 1 1 1 0.2 0.4 0.4 0.05
1.72299 1.50386 0.77255 0.2 1 1 1 0.2 0.4 0.4 0.05
-0.584238 1.36022 0.715481 0.2 1 1 1 0.2 0.4 0.4 0.05
-1.47316 1.19338 1.3644 0.2 1 1 1 0.2 0.4 0.4 0.05
-1.94032 2.67991 -1.71691 0.2 1 1 1 0.2 0.4 0.4 0.05
-1.3871 2.60696 0.865748 0.2 1 1 1 0.2 0.4 0.4 0.05
-0.978532 -1.55578 1.20388 0.2 1 1 1 0.2 0.4 0.4 0.05
0.634383 3.7789 -1.56578 0.2 1 1 1 0.2 0.4 0.4 0.05
-2.71896 0.594602 0.00113918 0.2 1 1 1 0.2 0.4 0.4 0.05
-2.31938 2.66788 -0.0831886 0.2 1 1 1 0.2 0.4 0.4 0.05
-0.180858 1.46021 0.267925 0.2 1 1 1 0.2 0.4 0.4 0.05
-2.43802 2.68545 0.40201 0.2 1 1 1 0.2 0.4 0.4 0.05
-2.34331 0.513606 -0.633634 0.2 1 1 1 0.2 0.4 0.4 0.05
0.0228009 1.32352 0.696659 0.2 1 1 1 0.2 0.4 0.4 0.05
-1.77629 2.92631 -2.67446 0.2 1 1 1 0.2 0.4 0.4 0.05
-2.29749 -0.943028 0.389592 0.2 1 1 1 0.2 0.4 0.4 0.05
0.68003 3.50038 -1.51157 0.2 1 1 1 0.2 0.4 0.4 0.05
-1.35167 -1.62773 -0.0430799 0.2 1 1 1 0.2 0.4 0.4 0.05
0.302307 1.2935 -0.700612 0.2 1 1 1 0.2 0.4 0.4 0.05
-1.91271 2.34026 -1.14544 0.2 1 1 1 0.2 0.4 0.4 0.05
-0.686392 1.33577 -0.779791 0.2 1 1 1 0.2 0.4 0.4 0.05
-1.86521 2.41736 -1.60814 0.2 1 1 1 0.2 0.4 0.4 0.05
-1.23814 -1.59139 0.403481 0.2 1 1 1 0.2 0.4 0.4 0.05
0.366386 -1.04302 1.9344 0.2 1 1 1 0.2 0.4 0.4 0.05
0.835748 -1.06495 2.07719 0.2 1 1 1 0.2 0.4 0.4 0.05
1.4051 -1.08174 2.02903 0.2 1 1 1 0.2 0.4 0.4 0.05
0.47901 1.06643 1.27181 0.2 1 1 1 0.2 0.4 0.4 0.05
3.43022 -1.58221 0.786699 0.2 1 1 1 0.2 0.4 0.4 0.05
1.32255 0.0368012 1.95331 0.2 1 1 1 0.2 0.4 0.4 0.05
-0.766523 -1.07668 1.39893 0.2 1 1 1 0.2 0.4 0.4 0.05
-0.169565 -1.04925 1.4094 0.2 1 1 1 0.2 0.4 0.4 0.05
-0.543783 3.01272 -0.919154 0.2 1 1 1 0.2 0.4 0.4 0.05
-1.32952 -1.16347 1.1144 0.2 1 1 1 0.2 0.4 0.4 0.05
-2.19724 2.73603 -0.621692 0.2 1 1 1 0.2 0.4 0.4 0.05
-1.29066 1.30591 -0.774772 0.2 1 1 1 0.2 0.4 0.4 0.05
1.8643 0.591011 -1.17062 0.2 1 1 1 0.2 0.4 0.4 0.05
3.41145 -1.15465 0.778478 0.2 1 1 1 0.2 0.4 0.4 0.05
-2.6621 0.0905391 -0.238431 0.2 1 1 1 0.2 0.4 0.4 0.05
-2.20827 3.00203 -1.65253 0.2 1 1 1 0.2 0.4 0.4 0.05
-0.809444 1.51996 -0.507121 0.2 1 1 1 0.2 0.4 0.4 0.05
-0.255451 -0.540556 1.51662 0.2 1 1 1 0.2 0.4 0.4 0.05
-1.27885 0.606803 -1.16837 0.2 1 1 1 0.2 0.4 0.4 0.05
-2.03295 0.767281 -0.773387 0.2 1 1 1 0.2 0.4 0.4 0.05
-1.29707 -0.01473 -1.28156 0.2 1 1 1 0.2 0.4 0.4 0.05
-1.01336 -1.13838 1.25277 0.2 1 1 1 0.2 0.4 0.4 0.05
-0.948461 2.28592 -0.0673528 0.2 1 1 1 0.2 0.4 0.4 0.05
-2.37983 1.61432 -0.568517 0.2 1 1 1 0.2 0.4 0.4 0.05
-0.710189 0.588891 -1.22492 0.2 1 1 1 0.2 0.4 0.4 0.05
0.824975 0.0364118 -1.78848 0.2 1 1 1 0.2 0.4 0.4 0.05
0.840118 0.597717 -1.32699 0.2 1 1 1 0.2 0.4 0.4 0.05
-0.17718 2.85432 -0.633201 0.2 1 1 1 0.2 0.4 0.4 0.05
0.328527 0.604251 -1.30748 0.2 1 1 1 0.2 0.4 0.4 0.05
-2.73181 1.96933 1.33931 0.2 1 1 1 0.2 0.4 0.4 0.05
-1.82177 1.56059 -0.73886 0.2 1 1 1 0.2 0.4 0.4 0.05
3.10472 -0.90041 0.572569 0.2 1 1 1 0.2 0.4 0.4 0.05
-0.673628 1.07495 -0.996127 0.2 1 1 1 0.2 0.4 0.4 0.05
0.636979 3.25445 -1.22631 0.2 1 1 1 0.2 0.4 0.4 0.05
-1.20573 2.8181 -0.487218 0.2 1 1 1 0.2 0.4 0.4 0.05
1.32822 0.0428153 -1.67127 0.2 1 1 1 0.2 0.4 0.4 0.05
-2.24799 -0.848056 0.78804 0.2 1 1 1 0.2 0.4 0.4 0.05
-1.60612 2.49265 -1.01564 0.2 1 1 1 0.2 0.4 0.4 0.05
-1.87836 -1.02762 0.961541 0.2 1 1 1 0.2 0.4 0.4 0.05
-1.26068 -0.49651 -1.23799 0.2 1 1 1 0.2 0.4 0.4 0.05
-0.791315 -0.580103 1.49031 0.2 1 1 1 0.2 0.4 0.4 0.05
0.294779 -0.577766 2.04625 0.2 1 1 1 0.2 0.4 0.4 0.05
0.838864 -0.556782 2.13564 0.2 1 1 1 0.2 0.4 0.4 0.05
1.40415 -0.481626 2.04988 0.2 1 1 1 0.2 0.4 0.4 0.05
-2.58041 2.32391 -0.111702 0.2 1 1 1 0.2 0.4 0.4 0.05
2.69983 0.781992 -0.25046 0.2 1 1 1 0.2 0.4 0.4 0.05
-1.85703 -0.518836 1.3962 0.2 1 1 1 0.2 0.4 0.4 0.05
-1.31991 -0.565262 1.51835 0.2 1 1 1 0.2 0.4 0.4 0.05
2.74894 -0.182477 -0.965277 0.2 1 1 1 0.2 0.4 0.4 0.05
-1.68292 -2.27938 1.34917 0.2 1 1 1 0.2 0.4 0.4 0.05
-1.92461 3.2975 -1.7209 0.2 1 1 1 0.2 0.4 0.4 0.05
-1.57527 2.7439 -1.26486 0.2 1 1 1 0.2 0.4 0.4 0.05
-1.59643 3.03029 -2.07988 0.2 1 1 1 0.2 0.4 0.4 0.05
-1.87338 0.00201436 1.46054 0.2 1 1 1 0.2 0.4 0.4 0.05
-1.0369 2.03246 0.274891 0.2 1 1 1 0.2 0.4 0.4 0.05
-2.29446 0.770267 1.44285 0.2 1 1 1 0.2 0.4 0.4 0.05
1.87477 -0.56457 1.87971 0.2 1 1 1 0.2 0.4 0.4 0.05
1.32895 1.35589 -0.796665 0.2 1 1 1 0.2 0.4 0.4 0.05
-1.31052 0.0518149 1.54747 0.2 1 1 1 0.2 0.4 0.4 0.05
-0.77033 -0.00901878 1.50688 0.2 1 1 1 0.2 0.4 0.4 0.05
-0.193622 0.0730591 1.55928 0.2 1 1 1 0.2 0.4 0.4 0.05
1.9896 -0.225441 1.76493 0.2 1 1 1 0.2 0.4 0.4 0.05
1.8431 1.52904 -0.14346 0.2 1 1 1 0.2 0.4 0.4 0.05
-0.156801 0.622855 -1.26296 0.2 1 1 1 0.2 0.4 0.4 0.05
1.90081 0.10763 1.70115 0.2 1 1 1 0.2 0.4 0.4 0.05
0.843753 1.05133 -1.05774 0.2 1 1 1 0.2 0.4 0.4 0.05
-1.18686 3.04279 -0.236874 0.2 1 1 1 0.2 0.4 0.4 0.05
2.64778 0.152974 -0.885882 0.2 1 1 1 0.2 0.4 0.4 0.05
-2.84776 1.69138 0.912476 0.2 1 1 1 0.2 0.4 0.4 0.05
-1.83825 0.632937 1.38154 0.2 1 1 1 0.2 0.4 0.4 0.05
-0.812386 0.544931 1.37284 0.2 1 1 1 0.2 0.4 0.4 0.05
1.4228 0.260752 1.74727 0.2 1 1 1 0.2 0.4 0.4 0.05
-1.30269 0.500799 1.41481 0.2 1 1 1 0.2 0.4 0.4 0.05
-1.79628 1.01217 1.68337 0.2 1 1 1 0.2 0.4 0.4 0.05
-1.07147 2.07694 -0.253272 0.2 1 1 1 0.2 0.4 0.4 0.05
-1.30074 1.73487 -0.575267 0.2 1 1 1 0.2 0.4 0.4 0.05
0.460189 3.8756 -1.50222 0.2 1 1 1 0.2 0.4 0.4 0.05
-0.180425 3.00532 -0.985569 0.2 1 1 1 0.2 0.4 0.4 0.05
-1.3325 0.820067 1.25169 0.2 1 1 1 0.2 0.4 0.4 0.05
-0.674796 0.786276 1.23945 0.2 1 1 1 0.2 0.4 0.4 0.05
-0.286343 0.785064 1.23754 0.2 1 1 1 0.2 0.4 0.4 0.05
2.18028 0.791251 1.22898 0.2 1 1 1 0.2 0.4 0.4 0.05
-0.934529 2.38448 -0.461517 0.2 1 1 1 0.2 0.4 0.4 0.05
0.304903 -2.47001 1.83247 0.2 1 1 1 0.2 0.4 0.4 0.05
0.326537 3.38179 -1.14899 0.2 1 1 1 0.2 0.4 0.4 0.05
-1.36547 -2.48273 1.46807 0.2 1 1 1 0.2 0.4 0.4 0.05
1.35084 -2.47555 1.45591 0.2 1 1 1 0.2 0.4 0.4 0.05
-0.753456 -2.47343 1.43843 0.2 1 1 1 0.2 0.4 0.4 0.05
-1.77716 0.538831 -1.00811 0.2 1 1 1 0.2 0.4 0.4 0.05
2.21238 -2.00801 1.28406 0.2 1 1 1 0.2 0.4 0.4 0.05
2.74024 -0.458911 -0.977695 0.2 1 1 1 0.2 0.4 0.4 0.05
-2.55441 -0.543109 0.44095 0.2 1 1 1 0.2 0.4 0.4 0.05
3.40245 -1.93549 0.421783 0.2 1 1 1 0.2 0.4 0.4 0.05
1.90505 -1.67528 1.63435 0.2 1 1 1 0.2 0.4 0.4 0.05
1.4154 1.12147 -1.02728 0.2 1 1 1 0.2 0.4 0.4 0.05
-0.263152 2.80123 -0.323019 0.2 1 1 1 0.2 0.4 0.4 0.05
2.3369 -1.53371 1.3985 0.2 1 1 1 0.2 0.4 0.4 0.05
3.61484 -1.61479 0.414644 0.2 1 1 1 0.2 0.4 0.4 0.05
1.82812 -0.103341 -1.52957 0.2 1 1 1 0.2 0.4 0.4 0.05
1.72922 -1.46011 1.80542 0.2 1 1 1 0.2 0.4 0.4 0.05
2.68745 -0.0218691 1.21941 0.2 1 1 1 0.2 0.4 0.4 0.05
0.238315 3.20526 -0.852869 0.2 1 1 1 0.2 0.4 0.4 0.05
1.74873 -1.06383 1.88755 0.2 1 1 1 0.2 0.4 0.4 0.05
2.00933 -1.04739 1.7304 0.2 1 1 1 0.2 0.4 0.4 0.05
2.3912 -1.05267 1.44838 0.2 1 1 1 0.2 0.4 0.4 0.05
2.69226 -1.0589 1.22011 0.2 1 1 1 0.2 0.4 0.4 0.05
3.58525 -1.0428 0.376482 0.2 1 1 1 0.2 0.4 0.4 0.05
2.46934 -0.597712 -1.19632 0.2 1 1 1 0.2 0.4 0.4 0.05
-2.19101 3.60764 -2.55864 0.2 1 1 1 0.2 0.4 0.4 0.05
-1.73727 -1.36441 0.395001 0.2 1 1 1 0.2 0.4 0.4 0.05
-2.389 -0.470593 0.960979 0.2 1 1 1 0.2 0.4 0.4 0.05
1.91946 1.26265 -0.665782 0.2 1 1 1 0.2 0.4 0.4 0.05
2.42608 -0.552844 1.50178 0.2 1 1 1 0.2 0.4 0.4 0.05
2.70753 -0.565738 1.22673 0.2 1 1 1 0.2 0.4 0.4 0.05
2.91296 -0.550897 0.915072 0.2 1 1 1 0.2 0.4 0.4 0.05
3.09014 -0.560503 0.403567 0.2 1 1 1 0.2 0.4 0.4 0.05
-2.31064 -0.932254 -0.0686076 0.2 1 1 1 0.2 0.4 0.4 0.05
-0.173546 1.02083 -1.00154 0.2 1 1 1 0.2 0.4 0.4 0.05
-2.66543 0.917029 -0.187679 0.2 1 1 1 0.2 0.4 0.4 0.05
0.48325 3.53448 -1.48937 0.2 1 1 1 0.2 0.4 0.4 0.05
1.85473 -2.47101 -0.621779 0.2 1 1 1 0.2 0.4 0.4 0.05
1.8 -2.44358 -1.06674 0.2 1 1 1 0.2 0.4 0.4 0.05
1.93461 -2.44423 0.989925 0.2 1 1 1 0.2 0.4 0.4 0.05
2.98293 -2.21586 -0.114341 0.2 1 1 1 0.2 0.4 0.4 0.05
2.07713 -2.23771 -0.708573 0.2 1 1 1 0.2 0.4 0.4 0.05
1.92638 -2.14352 -1.19641 0.2 1 1 1 0.2 0.4 0.4 0.05
2.89245 -2.02029 -0.51863 0.2 1 1 1 0.2 0.4 0.4 0.05
2.9889 -2.2121 0.401447 0.2 1 1 1 0.2 0.4 0.4 0.05
3.31751 -1.98715 -0.114081 0.2 1 1 1 0.2 0.4 0.4 0.05
2.33496 0.556311 -0.981286 0.2 1 1 1 0.2 0.4 0.4 0.05
2.42569 -2.06867 -0.632639 0.2 1 1 1 0.2 0.4 0.4 0.05
0.301831 0.107413 -1.69541 0.2 1 1 1 0.2 0.4 0.4 0.05
-0.266527 -2.51043 -1.59438 0.2 1 1 1 0.2 0.4 0.4 0.05
2.22506 -1.93549 -1.08257 0.2 1 1 1 0.2 0.4 0.4 0.05
3.49634 -1.0248 -0.110101 0.2 1 1 1 0.2 0.4 0.4 0.05
3.34996 -1.61172 -0.472637 0.2 1 1 1 0.2 0.4 0.4 0.05
3.55336 -1.64854 -0.143503 0.2 1 1 1 0.2 0.4 0.4 0.05
2.95052 -1.60065 -0.626884 0.2 1 1 1 0.2 0.4 0.4 0.05
-1.58427 3.2493 -2.64616 0.2 1 1 1 0.2 0.4 0.4 0.05
2.57444 -1.65045 -0.77555 0.2 1 1 1 0.2 0.4 0.4 0.05
2.37563 -1.56919 -1.12619 0.2 1 1 1 0.2 0.4 0.4 0.05
0.328787 1.02057 -1.04818 0.2 1 1 1 0.2 0.4 0.4 0.05
-0.70941 -2.44734 -1.50798 0.2 1 1 1 0.2 0.4 0.4 0.05
0.873953 -2.1321 -1.54787 0.2 1 1 1 0.2 0.4 0.4 0.05
-1.77474 -2.5077 -0.545542 0.2 1 1 1 0.2 0.4 0.4 0.05
3.15543 -0.913217 -0.13048 0.2 1 1 1 0.2 0.4 0.4 0.05
2.17643 -0.424341 -1.4291 0.2 1 1 1 0.2 0.4 0.4 0.05
-0.195309 -2.15126 -1.59049 0.2 1 1 1 0.2 0.4 0.4 0.05
2.04221 -1.76255 -1.38847 0.2 1 1 1 0.2 0.4 0.4 0.05
-0.0764108 -2.47326 1.83822 0.2 1 1 1 0.2 0.4 0.4 0.05
1.79585 1.00841 -0.994569 0.2 1 1 1 0.2 0.4 0.4 0.05
2.47168 -1.05249 -1.15933 0.2 1 1 1 0.2 0.4 0.4 0.05
2.90803 -1.07318 -0.603909 0.2 1 1 1 0.2 0.4 0.4 0.05
3.32617 -1.23724 -0.440879 0.2 1 1 1 0.2 0.4 0.4 0.05
-2.76659 1.55699 1.48668 0.2 1 1 1 0.2 0.4 0.4 0.05
3.08608 -0.549167 -0.114471 0.2 1 1 1 0.2 0.4 0.4 0.05
-1.95373 2.49105 -2.04107 0.2 1 1 1 0.2 0.4 0.4 0.05
-0.760379 -2.13305 -1.12801 0.2 1 1 1 0.2 0.4 0.4 0.05
-2.01539 3.70041 -2.41871 0.2 1 1 1 0.2 0.4 0.4 0.05
-2.19213 3.69188 -2.40512 0.2 1 1 1 0.2 0.4 0.4 0.05
2.41453 1.13237 -0.11698 0.2 1 1 1 0.2 0.4 0.4 0.05
-2.23938 3.26159 -1.65807 0.2 1 1 1 0.2 0.4 0.4 0.05
1.97536 0.0232586 -1.39224 0.2 1 1 1 0.2 0.4 0.4 0.05
-0.00402481 -0.538826 1.84376 0.2 1 1 1 0.2 0.4 0.4 0.05
-1.71624 -2.46612 0.33672 0.2 1 1 1 0.2 0.4 0.4 0.05
-1.70386 -2.47681 0.908885 0.2 1 1 1 0.2 0.4 0.4 0.05
-1.68911 -2.20076 0.952152 0.2 1 1 1 0.2 0.4 0.4 0.05
-1.68448 -2.47045 1.31313 0.2 1 1 1 0.2 0.4 0.4 0.05
-1.8264 -2.52219 -0.109755 0.2 1 1 1 0.2 0.4 0.4 0.05
-1.84167 -2.18346 -0.0760495 0.2 1 1 1 0.2 0.4 0.4 0.05
-1.38291 -2.12738 0.501092 0.2 1 1 1 0.2 0.4 0.4 0.05
-1.6474 -2.20193 0.249363 0.2 1 1 1 0.2 0.4 0.4 0.05
-1.47217 -1.95505 -0.0933131 0.2 1 1 1 0.2 0.4 0.4 0.05
0.0867498 -1.15443 1.58602 0.2 1 1 1 0.2 0.4 0.4 0.05
-1.65064 -0.893833 1.27657 0.2 1 1 1 0.2 0.4 0.4 0.05
0.263237 -0.489371 -2.02809 0.2 1 1 1 0.2 0.4 0.4 0.05
-0.749951 -2.50809 -1.19295 0.2 1 1 1 0.2 0.4 0.4 0.05
0.799837 -2.4958 -1.23998 0.2 1 1 1 0.2 0.4 0.4 0.05
-1.74328 -2.22785 -0.539095 0.2 1 1 1 0.2 0.4 0.4 0.05
-0.562604 -2.18073 -1.50767 0.2 1 1 1 0.2 0.4 0.4 0.05
-1.30974 -2.12167 -0.693559 0.2 1 1 1 0.2 0.4 0.4 0.05
-0.704824 -2.17614 -0.79779 0.2 1 1 1 0.2 0.4 0.4 0.05
-0.295992 -2.06231 -1.08997 0.2 1 1 1 0.2 0.4 0.4 0.05
-0.231524 -1.55729 -1.16643 0.2 1 1 1 0.2 0.4 0.4 0.05
-0.757826 -1.56339 -0.85434 0.2 1 1 1 0.2 0.4 0.4 0.05
-1.28244 -1.54323 -0.595169 0.2 1 1 1 0.2 0.4 0.4 0.05
-0.0345282 -1.53337 -1.58837 0.2 1 1 1 0.2 0.4 0.4 0.05
-1.2907 1.08763 -0.943903 0.2 1 1 1 0.2 0.4 0.4 0.05
0.273534 -1.6292 -1.74396 0.2 1 1 1 0.2 0.4 0.4 0.05
-1.87672 -1.02346 -0.648604 0.2 1 1 1 0.2 0.4 0.4 0.05
-2.0622 -1.16404 -0.126023 0.2 1 1 1 0.2 0.4 0.4 0.05
0.201841 -1.0836 -1.94679 0.2 1 1 1 0.2 0.4 0.4 0.05
-0.1597 -1.07724 -1.62225 0.2 1 1 1 0.2 0.4 0.4 0.05
-0.320957 -1.11887 -1.20991 0.2 1 1 1 0.2 0.4 0.4 0.05
0.329998 -2.50913 -1.48647 0.2 1 1 1 0.2 0.4 0.4 0.05
-2.24907 -0.824952 -0.542557 0.2 1 1 1 0.2 0.4 0.4 0.05
1.75448 1.46159 -0.480511 0.2 1 1 1 0.2 0.4 0.4 0.05
-2.55874 -0.530735 -0.135628 0.2 1 1 1 0.2 0.4 0.4 0.05
-2.33487 -0.539431 -0.642417 0.2 1 1 1 0.2 0.4 0.4 0.05
-0.241648 -0.556133 -1.71726 0.2 1 1 1 0.2 0.4 0.4 0.05
-0.438125 -0.455277 -1.34694 0.2 1 1 1 0.2 0.4 0.4 0.05
-1.8498 -0.527879 -1.07604 0.2 1 1 1 0.2 0.4 0.4 0.05
-1.12084 -2.51367 -0.923438 0.2 1 1 1 0.2 0.4 0.4 0.05
1.79905 -0.512476 -1.62939 0.2 1 1 1 0.2 0.4 0.4 0.05
0.473342 -0.190222 -2.0107 0.2 1 1 1 0.2 0.4 0.4 0.05
0.349252 -2.12254 -1.58932 0.2 1 1 1 0.2 0.4 0.4 0.05
0.261982 0.242364 -1.43793 0.2 1 1 1 0.2 0.4 0.4 0.05
-1.30494 -2.53725 -0.633071 0.2 1 1 1 0.2 0.4 0.4 0.05
1.40246 0.238773 -1.42984 0.2 1 1 1 0.2 0.4 0.4 0.05
0.454261 1.46003 -0.474324 0.2 1 1 1 0.2 0.4 0.4 0.05
1.85655 -1.60575 -1.5454 0.2 1 1 1 0.2 0.4 0.4 0.05
0.685827 -0.558729 -2.0088 0.2 1 1 1 0.2 0.4 0.4 0.05
1.32532 -2.30136 -1.31483 0.2 1 1 1 0.2 0.4 0.4 0.05
1.85846 -1.05526 -1.61736 0.2 1 1 1 0.2 0.4 0.4 0.05
0.847906 1.54696 -0.488602 0.2 1 1 1 0.2 0.4 0.4 0.05
1.36958 1.54566 -0.502448 0.2 1 1 1 0.2 0.4 0.4 0.05
1.34076 -2.49494 -1.14112 0.2 1 1 1 0.2 0.4 0.4 0.05
2.38887 -2.44068 -0.153671 0.2 1 1 1 0.2 0.4 0.4 0.05
1.36897 -2.00593 -1.50655 0.2 1 1 1 0.2 0.4 0.4 0.05
1.71827 -1.94596 -1.45346 0.2 1 1 1 0.2 0.4 0.4 0.05
1.35984 -1.59294 -1.68191 0.2 1 1 1 0.2 0.4 0.4 0.05
0.833066 -1.63059 -1.77727 0.2 1 1 1 0.2 0.4 0.4 0.05
-0.401564 -1.52298 -0.862604 0.2 1 1 1 0.2 0.4 0.4 0.05
0.802303 -1.05353 -1.92031 0.2 1 1 1 0.2 0.4 0.4 0.05
1.34319 -1.06868 -1.7896 0.2 1 1 1 0.2 0.4 0.4 0.05
-1.3666 -1.17516 -0.779834 0.2 1 1 1 0.2 0.4 0.4 0.05
-0.730871 -0.966133 -1.06384 0.2 1 1 1 0.2 0.4 0.4 0.05
0.338176 -0.942206 -2.01918 0.2 1 1 1 0.2 0.4 0.4 0.05
-1.30658 -0.866445 -1.0628 0.2 1 1 1 0.2 0.4 0.4 0.05
-1.66146 -0.910924 -0.964628 0.2 1 1 1 0.2 0.4 0.4 0.05
1.34448 -0.574088 -1.83283 0.2 1 1 1 0.2 0.4 0.4 0.05
0.952051 -0.513687 -1.95415 0.2 1 1 1 0.2 0.4 0.4 0.05
0.0211567 -0.4683 -1.97081 0.2 1 1 1 0.2 0.4 0.4 0.05
-0.686349 -0.570497 -1.22086 0.2 1 1 1 0.2 0.4 0.4 0.05
-2.08522 -0.632586 -0.893194 0.2 1 1 1 0.2 0.4 0.4 0.05
0.316975 -2.46885 -1.21069 0.2 1 1 1 0.2 0.4 0.4 0.05
-0.267782 -2.44349 -1.14263 0.2 1 1 1 0.2 0.4 0.4 0.05
0.837998 -2.34506 -0.993401 0.2 1 1 1 0.2 0.4 0.4 0.05
0.329133 -2.33939 -1.03373 0.2 1 1 1 0.2 0.4 0.4 0.05
1.42444 -2.456 -0.646528 0.2 1 1 1 0.2 0.4 0.4 0.05
1.28469 -2.33303 -0.67569 0.2 1 1 1 0.2 0.4 0.4 0.05
0.841503 -2.30941 -0.621433 0.2 1 1 1 0.2 0.4 0.4 0.05
0.336358 -2.3242 -0.618144 0.2 1 1 1 0.2 0.4 0.4 0.05
-0.763364 -2.51748 -0.61014 0.2 1 1 1 0.2 0.4 0.4 0.05
1.91717 -2.47555 -0.148998 0.2 1 1 1 0.2 0.4 0.4 0.05
-0.195785 -2.33351 -0.617366 0.2 1 1 1 0.2 0.4 0.4 0.05
1.32004 -2.48715 -0.1236 0.2 1 1 1 0.2 0.4 0.4 0.05
1.14325 -2.36808 -0.324057 0.2 1 1 1 0.2 0.4 0.4 0.05
0.845483 -2.33563 -0.109625 0.2 1 1 1 0.2 0.4 0.4 0.05
-0.738745 -2.50991 -0.109711 0.2 1 1 1 0.2 0.4 0.4 0.05
0.325152 -2.33671 -0.105861 0.2 1 1 1 0.2 0.4 0.4 0.05
2.33859 -2.44384 0.446013 0.2 1 1 1 0.2 0.4 0.4 0.05
-1.28235 -2.53993 -0.112654 0.2 1 1 1 0.2 0.4 0.4 0.05
-0.13348 -2.34398 -0.17405 0.2 1 1 1 0.2 0.4 0.4 0.05
1.05749 -2.44834 0.0824383 0.2 1 1 1 0.2 0.4 0.4 0.05
1.93448 -2.47239 0.485472 0.2 1 1 1 0.2 0.4 0.4 0.05
-0.382699 -2.53392 -0.0548053 0.2 1 1 1 0.2 0.4 0.4 0.05
1.33038 -2.49771 0.413 0.2 1 1 1 0.2 0.4 0.4 0.05
1.08177 -2.47391 0.215269 0.2 1 1 1 0.2 0.4 0.4 0.05
2.54411 -2.36695 0.54371 0.2 1 1 1 0.2 0.4 0.4 0.05
0.843277 -2.34272 0.400842 0.2 1 1 1 0.2 0.4 0.4 0.05
-0.426443 -2.47776 0.406034 0.2 1 1 1 0.2 0.4 0.4 0.05
0.327964 -2.34194 0.405385 0.2 1 1 1 0.2 0.4 0.4 0.05
-0.0347013 -2.36085 0.400755 0.2 1 1 1 0.2 0.4 0.4 0.05
-1.33856 -2.53751 0.393054 0.2 1 1 1 0.2 0.4 0.4 0.05
1.14783 -2.36509 0.601385 0.2 1 1 1 0.2 0.4 0.4 0.05
1.53222 -2.45846 0.917885 0.2 1 1 1 0.2 0.4 0.4 0.05
1.33648 -2.32637 0.918101 0.2 1 1 1 0.2 0.4 0.4 0.05
0.840335 -2.3117 0.929524 0.2 1 1 1 0.2 0.4 0.4 0.05
-0.332553 -2.45764 0.899193 0.2 1 1 1 0.2 0.4 0.4 0.05
-0.10315 -2.33935 1.03168 0.2 1 1 1 0.2 0.4 0.4 0.05
0.323594 -2.3249 0.916197 0.2 1 1 1 0.2 0.4 0.4 0.05
-0.71616 -2.50748 0.931341 0.2 1 1 1 0.2 0.4 0.4 0.05
1.75799 -2.45375 1.42035 0.2 1 1 1 0.2 0.4 0.4 0.05
-1.29983 -2.51242 0.923899 0.2 1 1 1 0.2 0.4 0.4 0.05
-1.75938 -1.35035 -0.111918 0.2 1 1 1 0.2 0.4 0.4 0.05
0.81511 -2.47862 1.59891 0.2 1 1 1 0.2 0.4 0.4 0.05
-0.233428 -2.49061 1.50805 0.2 1 1 1 0.2 0.4 0.4 0.05
0.316066 -2.48827 1.61972 0.2 1 1 1 0.2 0.4 0.4 0.05
